Google Drive Link of saved weights: https://drive.google.com/open?id=13qIgcW0QWAYDTHyRVL7IKkaL4kJus7_q

Linear - One vs One
Fold: 1
(4000, 3072) (4000,)
training...
predicting...
Fold: 1
Accuracy: 0.268
F1 Score: [0.25327511 0.23595506 0.23041475 0.18957346 0.29875519 0.23696682 0.29508197 0.2994012  0.33009709 0.33121019]
Confusion Matrix: 
[[29  6  8  7  4  4  3  2 17  5]
 [ 9 21  7  4  5 11  7  3  8 13]
 [ 7  4 25 12 19  7  4  7  6  1]
 [13  7 14 20  8 13 13  4  3  4]
 [12  8 17 10 36 10  7  7  7  2]
 [ 9  7 17 24 13 25 12  5  5  1]
 [ 5  2 14 21 12  8 27  4  2  4]
 [11  4 15  6 21  5  4 25  4  5]
 [36  8  5  5  6  9  2  2 34  7]
 [13 23  3  3  1  1  5  8  6 26]] 

Fold: 2
(4000, 3072) (4000,)
training...
predicting...
Fold: 2
Accuracy: 0.298
F1 Score: [0.31313131 0.34101382 0.31355932 0.26724138 0.24271845 0.18604651 0.27472527 0.2278481  0.45581395 0.31521739]
Confusion Matrix: 
[[31  7  9  1  7  3  2  7 17  6]
 [ 8 37  6  7  4  3  5  6  4 23]
 [11  4 37  9 14  6  7  6  6  1]
 [ 8  6 20 31 13 14 13  2  8  3]
 [ 5  2 17 10 25  7 13  9  4  0]
 [ 6  7 11 17 12 16 13  1  4  3]
 [ 2  2 12 21 13 13 25  6  2  2]
 [ 8  8 12 11 20 10  0 18  2  6]
 [22 14  5  3  2  6  1  0 49  7]
 [ 7 27  6  4  4  4  5  8 10 29]] 

Fold: 3
(4000, 3072) (4000,)
training...
predicting...
Fold: 3
Accuracy: 0.287
F1 Score: [0.29718876 0.36453202 0.24576271 0.14141414 0.31192661 0.25698324 0.30769231 0.3        0.39344262 0.25581395]
Confusion Matrix: 
[[37  4 12  6  7  6  0  6 23  7]
 [12 37  7 10  4  6  2  5  4 16]
 [15  3 29  9 18  8 13  7  4  2]
 [ 9  8  8 14  9 11 15  6  4  5]
 [ 5  2 16  8 34 10 14 11  1  3]
 [ 8  6 15 18  9 23  4  2  2  4]
 [ 5  5 12 19 12 10 28  4  0  0]
 [16  2 18 12 10  7  2 27  3  4]
 [21 10  6  6  5  4  2  2 36  5]
 [13 23  5  7  6  3  7  9  9 22]] 

Fold: 4
(4000, 3072) (4000,)
training...
predicting...
Fold: 4
Accuracy: 0.307
F1 Score: [0.2991453  0.38190955 0.28571429 0.22522523 0.21621622 0.24338624 0.29411765 0.35789474 0.44117647 0.32786885]
Confusion Matrix: 
[[35  8 13  2  2  7  3  7 25  5]
 [ 9 38  4  7  2  9  5  8 11 14]
 [12  5 32 11 16 14  6  5  5  3]
 [ 5  4 18 25 12 16  7  4  4  3]
 [ 7  1 13 16 20  8  8  9  2  1]
 [ 4  3  6 18 15 23  6  7  3  4]
 [ 9  3 12 24 12 13 25  3  1  2]
 [12  1  8  9 16  5  3 34  4 14]
 [24  4  7  2  1  3  1  1 45  6]
 [10 25  2 10  4  2  2  6 10 30]] 

Fold: 5
(4000, 3072) (4000,)
training...
predicting...
Fold: 5
Accuracy: 0.306
F1 Score: [0.33469388 0.38       0.20853081 0.18779343 0.32352941 0.24365482 0.30526316 0.37837838 0.38095238 0.3373494 ]
Confusion Matrix: 
[[41  6 18  3  5  4  1  8 21  3]
 [10 38  2  8  5  5  3  4 14 10]
 [13  6 22 12 11  8  7  7  3  1]
 [ 8  5 16 20  6 14 14  5  4  4]
 [ 7  5 23  5 33  9 10  6  4  1]
 [10 10 12 23  8 24  8 10  5  2]
 [ 5  1 12 25 14 13 29  4  0  1]
 [ 5  7  7 10 13  2  7 35  5  7]
 [27  3  4  1  3  2  0  3 36  7]
 [ 9 20  5 10  3  4  7  5 11 28]] 


Linear - One vs Rest
Fold: 1
(4000, 3072) (4000,)
training...
predicting...
Fold: 1
Accuracy: 0.268
F1 Score: [0.25327511 0.23595506 0.23041475 0.18957346 0.29875519 0.23696682 0.29508197 0.2994012  0.33009709 0.33121019]
Confusion Matrix: 
[[29  6  8  7  4  4  3  2 17  5]
 [ 9 21  7  4  5 11  7  3  8 13]
 [ 7  4 25 12 19  7  4  7  6  1]
 [13  7 14 20  8 13 13  4  3  4]
 [12  8 17 10 36 10  7  7  7  2]
 [ 9  7 17 24 13 25 12  5  5  1]
 [ 5  2 14 21 12  8 27  4  2  4]
 [11  4 15  6 21  5  4 25  4  5]
 [36  8  5  5  6  9  2  2 34  7]
 [13 23  3  3  1  1  5  8  6 26]] 

Fold: 2
(4000, 3072) (4000,)
training...
predicting...
Fold: 2
Accuracy: 0.298
F1 Score: [0.31313131 0.34101382 0.31355932 0.26724138 0.24271845 0.18604651 0.27472527 0.2278481  0.45581395 0.31521739]
Confusion Matrix: 
[[31  7  9  1  7  3  2  7 17  6]
 [ 8 37  6  7  4  3  5  6  4 23]
 [11  4 37  9 14  6  7  6  6  1]
 [ 8  6 20 31 13 14 13  2  8  3]
 [ 5  2 17 10 25  7 13  9  4  0]
 [ 6  7 11 17 12 16 13  1  4  3]
 [ 2  2 12 21 13 13 25  6  2  2]
 [ 8  8 12 11 20 10  0 18  2  6]
 [22 14  5  3  2  6  1  0 49  7]
 [ 7 27  6  4  4  4  5  8 10 29]] 

Fold: 3
(4000, 3072) (4000,)
training...
predicting...
Fold: 3
Accuracy: 0.287
F1 Score: [0.29718876 0.36453202 0.24576271 0.14141414 0.31192661 0.25698324 0.30769231 0.3        0.39344262 0.25581395]
Confusion Matrix: 
[[37  4 12  6  7  6  0  6 23  7]
 [12 37  7 10  4  6  2  5  4 16]
 [15  3 29  9 18  8 13  7  4  2]
 [ 9  8  8 14  9 11 15  6  4  5]
 [ 5  2 16  8 34 10 14 11  1  3]
 [ 8  6 15 18  9 23  4  2  2  4]
 [ 5  5 12 19 12 10 28  4  0  0]
 [16  2 18 12 10  7  2 27  3  4]
 [21 10  6  6  5  4  2  2 36  5]
 [13 23  5  7  6  3  7  9  9 22]] 

Fold: 4
(4000, 3072) (4000,)
training...
predicting...
Fold: 4
Accuracy: 0.307
F1 Score: [0.2991453  0.38190955 0.28571429 0.22522523 0.21621622 0.24338624 0.29411765 0.35789474 0.44117647 0.32786885]
Confusion Matrix: 
[[35  8 13  2  2  7  3  7 25  5]
 [ 9 38  4  7  2  9  5  8 11 14]
 [12  5 32 11 16 14  6  5  5  3]
 [ 5  4 18 25 12 16  7  4  4  3]
 [ 7  1 13 16 20  8  8  9  2  1]
 [ 4  3  6 18 15 23  6  7  3  4]
 [ 9  3 12 24 12 13 25  3  1  2]
 [12  1  8  9 16  5  3 34  4 14]
 [24  4  7  2  1  3  1  1 45  6]
 [10 25  2 10  4  2  2  6 10 30]] 

Fold: 5
(4000, 3072) (4000,)
training...
predicting...
Fold: 5
Accuracy: 0.306
F1 Score: [0.33469388 0.38       0.20853081 0.18779343 0.32352941 0.24365482 0.30526316 0.37837838 0.38095238 0.3373494 ]
Confusion Matrix: 
[[41  6 18  3  5  4  1  8 21  3]
 [10 38  2  8  5  5  3  4 14 10]
 [13  6 22 12 11  8  7  7  3  1]
 [ 8  5 16 20  6 14 14  5  4  4]
 [ 7  5 23  5 33  9 10  6  4  1]
 [10 10 12 23  8 24  8 10  5  2]
 [ 5  1 12 25 14 13 29  4  0  1]
 [ 5  7  7 10 13  2  7 35  5  7]
 [27  3  4  1  3  2  0  3 36  7]
 [ 9 20  5 10  3  4  7  5 11 28]] 


RBF - One vs One 
Fold: 1
(4000, 3072) (4000,)
training...
predicting...
Fold: 1
Accuracy: 0.437
F1 Score: [0.41860465 0.5125     0.38541667 0.2459893  0.42918455 0.40609137 0.45581395 0.4516129  0.54298643 0.51546392]
Confusion Matrix: 
[[45  9 10  4  7  4  3  2 27  7]
 [ 1 41  1  2  2  2  4  3  8 16]
 [12  1 37  7 19  5  9  8  4  4]
 [ 3  4  6 23 11 22 19  5  6  5]
 [ 5  0 14  2 50  2 15 10  3  1]
 [ 4  2  7 18  8 40 10  6  4  7]
 [ 1  4  7 13 17  1 49  3  0  2]
 [ 7  2  3  7 14  8  4 42  3  9]
 [12  5  1  3  3  4  4  3 60  6]
 [ 7 12  0  4  0  3  1  5  5 50]] 

Fold: 2
(4000, 3072) (4000,)
training...
predicting...
Fold: 2
Accuracy: 0.44
F1 Score: [0.44444444 0.52968037 0.32786885 0.26900585 0.37288136 0.37433155 0.43349754 0.43715847 0.61306533 0.54393305]
Confusion Matrix: 
[[40  6  5  3  0  4  4  2 22  7]
 [ 2 58  0  0  9  8  3  2  6 25]
 [ 9  3 30  6 24  7 15  5  3  2]
 [ 4  4 11 23 14 26 22  4  1  6]
 [12  1  8  5 44  3 11 14  4  2]
 [ 1  5  8 10  6 35  4  5  1  1]
 [ 1  4  7  2 18  9 44  4  0  2]
 [ 7  5  3  2 16  9  5 40  3  8]
 [ 6  3  3  2  0  7  1  2 61  8]
 [ 5 17  4  3  1  3  3  7  5 65]] 

Fold: 3
(4000, 3072) (4000,)
training...
predicting...
Fold: 3
Accuracy: 0.413
F1 Score: [0.48730964 0.49746193 0.28571429 0.26490066 0.33944954 0.30051813 0.44019139 0.47126437 0.53456221 0.46473029]
Confusion Matrix: 
[[48  0  3  4  5  2  1  2 24 11]
 [ 7 49  3  1  3  6  4  5  6 22]
 [13  3 29  6 16  9  6  3  2  2]
 [ 0  2 11 20  8 17 12  3  5  8]
 [ 6  2 27  1 37  8 11  3  3  4]
 [ 0  4 12  8 15 29 15  6  5  5]
 [ 2  1 21 12  8  7 46  2  2  6]
 [ 4  5  6  7 21  2  2 41  1 12]
 [13 10  1  0  2  7  1  3 58  5]
 [ 4 15  1  6  1  7  4  5 11 56]] 

Fold: 4
(4000, 3072) (4000,)
training...
predicting...
Fold: 4
Accuracy: 0.414
F1 Score: [0.40935673 0.45026178 0.25742574 0.23350254 0.39572193 0.39408867 0.50224215 0.42487047 0.51851852 0.52534562]
Confusion Matrix: 
[[35  3  7  4  0  3  2  3 26  5]
 [ 3 43  6  5  4  7  1  1  8 28]
 [13  2 26  9 14  3 10  8  4  5]
 [ 2  4 17 23  6 22 14  2  4  7]
 [ 5  5 14  3 37  2 13  8  3  1]
 [ 2  4 10 23  4 40  7  9  4  1]
 [ 2  2 15 11 13  6 56  2  0  1]
 [ 2  7  7 10 15  9  7 41  7  8]
 [15  6  4  1  1  6  1  1 56  6]
 [ 4  9  2  7  2  1  4  5  7 57]] 

Fold: 5
(4000, 3072) (4000,)
training...
predicting...
Fold: 5
Accuracy: 0.428
F1 Score: [0.48275862 0.52307692 0.28729282 0.27692308 0.44736842 0.3248731 0.48401826 0.46341463 0.46666667 0.5       ]
Confusion Matrix: 
[[49  5  8  3  2  3  2  4 20  5]
 [ 2 51  1  6  1  2  5  2  8 17]
 [12  1 26 10 29  6 11  7  5  0]
 [ 1  5  8 27  8 16 13  6  6  4]
 [ 4  3  6  5 51  5 19  4  1  3]
 [ 5  4  9 29  7 32 13  8  2  6]
 [ 6  1  5 11  7  8 53  1  1  4]
 [ 4  6  5  2 15  3  3 38  4  9]
 [18  6  3  3  7  5  1  1 49 16]
 [ 1 18  3  5  0  2  2  4  5 52]] 


RBF - One vs Rest
Fold: 1
(4000, 3072) (4000,)
training...
predicting...
Fold: 1
Accuracy: 0.437
F1 Score: [0.41860465 0.5125     0.38541667 0.2459893  0.42918455 0.40609137 0.45581395 0.4516129  0.54298643 0.51546392]
Confusion Matrix: 
[[45  9 10  4  7  4  3  2 27  7]
 [ 1 41  1  2  2  2  4  3  8 16]
 [12  1 37  7 19  5  9  8  4  4]
 [ 3  4  6 23 11 22 19  5  6  5]
 [ 5  0 14  2 50  2 15 10  3  1]
 [ 4  2  7 18  8 40 10  6  4  7]
 [ 1  4  7 13 17  1 49  3  0  2]
 [ 7  2  3  7 14  8  4 42  3  9]
 [12  5  1  3  3  4  4  3 60  6]
 [ 7 12  0  4  0  3  1  5  5 50]] 

Fold: 2
(4000, 3072) (4000,)
training...
predicting...
Fold: 2
Accuracy: 0.44
F1 Score: [0.44444444 0.52968037 0.32786885 0.26900585 0.37288136 0.37433155 0.43349754 0.43715847 0.61306533 0.54393305]
Confusion Matrix: 
[[40  6  5  3  0  4  4  2 22  7]
 [ 2 58  0  0  9  8  3  2  6 25]
 [ 9  3 30  6 24  7 15  5  3  2]
 [ 4  4 11 23 14 26 22  4  1  6]
 [12  1  8  5 44  3 11 14  4  2]
 [ 1  5  8 10  6 35  4  5  1  1]
 [ 1  4  7  2 18  9 44  4  0  2]
 [ 7  5  3  2 16  9  5 40  3  8]
 [ 6  3  3  2  0  7  1  2 61  8]
 [ 5 17  4  3  1  3  3  7  5 65]] 

Fold: 3
(4000, 3072) (4000,)
training...
predicting...
Fold: 3
Accuracy: 0.413
F1 Score: [0.48730964 0.49746193 0.28571429 0.26490066 0.33944954 0.30051813 0.44019139 0.47126437 0.53456221 0.46473029]
Confusion Matrix: 
[[48  0  3  4  5  2  1  2 24 11]
 [ 7 49  3  1  3  6  4  5  6 22]
 [13  3 29  6 16  9  6  3  2  2]
 [ 0  2 11 20  8 17 12  3  5  8]
 [ 6  2 27  1 37  8 11  3  3  4]
 [ 0  4 12  8 15 29 15  6  5  5]
 [ 2  1 21 12  8  7 46  2  2  6]
 [ 4  5  6  7 21  2  2 41  1 12]
 [13 10  1  0  2  7  1  3 58  5]
 [ 4 15  1  6  1  7  4  5 11 56]] 

Fold: 4
(4000, 3072) (4000,)
training...
predicting...
Fold: 4
Accuracy: 0.414
F1 Score: [0.40935673 0.45026178 0.25742574 0.23350254 0.39572193 0.39408867 0.50224215 0.42487047 0.51851852 0.52534562]
Confusion Matrix: 
[[35  3  7  4  0  3  2  3 26  5]
 [ 3 43  6  5  4  7  1  1  8 28]
 [13  2 26  9 14  3 10  8  4  5]
 [ 2  4 17 23  6 22 14  2  4  7]
 [ 5  5 14  3 37  2 13  8  3  1]
 [ 2  4 10 23  4 40  7  9  4  1]
 [ 2  2 15 11 13  6 56  2  0  1]
 [ 2  7  7 10 15  9  7 41  7  8]
 [15  6  4  1  1  6  1  1 56  6]
 [ 4  9  2  7  2  1  4  5  7 57]] 

Fold: 5
(4000, 3072) (4000,)
training...
predicting...
Fold: 5
Accuracy: 0.428
F1 Score: [0.48275862 0.52307692 0.28729282 0.27692308 0.44736842 0.3248731 0.48401826 0.46341463 0.46666667 0.5       ]
Confusion Matrix: 
[[49  5  8  3  2  3  2  4 20  5]
 [ 2 51  1  6  1  2  5  2  8 17]
 [12  1 26 10 29  6 11  7  5  0]
 [ 1  5  8 27  8 16 13  6  6  4]
 [ 4  3  6  5 51  5 19  4  1  3]
 [ 5  4  9 29  7 32 13  8  2  6]
 [ 6  1  5 11  7  8 53  1  1  4]
 [ 4  6  5  2 15  3  3 38  4  9]
 [18  6  3  3  7  5  1  1 49 16]
 [ 1 18  3  5  0  2  2  4  5 52]] 


Polynomial - One vs One
Fold: 1
(4000, 3072) (4000,)
training...
predicting...
Fold: 1
Accuracy: 0.431
F1 Score: [0.47963801 0.45238095 0.33191489 0.27624309 0.37068966 0.4742268 0.46534653 0.44311377 0.54545455 0.48514851]
Confusion Matrix: 
[[53  7 10  1  2  4  0  5 18  8]
 [ 7 38  7  2  7  4  5  2  7 14]
 [ 9  2 39  3 14  2  5  6  4  3]
 [ 4  4 18 25 17 17 22  3  2  3]
 [ 8  1 25  1 43  6  5  8  4  1]
 [ 2  0 16 11  9 46  6  2  4  2]
 [ 1  4 15 13 17  3 47  1  2  0]
 [ 7  0 10  3 15  4  5 37  3  9]
 [14  6  3  1  3  6  1  0 54  5]
 [ 8 13  5  6  3  4  3 10  7 49]] 

Fold: 2
(4000, 3072) (4000,)
training...
predicting...
Fold: 2
Accuracy: 0.42
F1 Score: [0.46486486 0.50505051 0.31279621 0.34146341 0.35348837 0.30167598 0.3923445  0.5        0.5645933  0.46766169]
Confusion Matrix: 
[[43  3  9  2  3  1  7  4 13  5]
 [ 6 50  3  4  5  6  2  3  9 21]
 [12  3 33  7 21  5  9  1  2  2]
 [ 1  3 11 35  8 17 11  3  5  1]
 [ 1  1 17  5 38  8 14  6  4  2]
 [ 2  2 12 21  7 27 10  5  3  2]
 [ 3  2 16 17 15  9 41  2  2  2]
 [ 9  7  6 10 17  6  1 47  0  3]
 [11  4  6  3  2  5  0  3 59  4]
 [ 7 14  3  6  3  4  5  8 15 47]] 

Fold: 3
(4000, 3072) (4000,)
training...
predicting...
Fold: 3
Accuracy: 0.445
F1 Score: [0.48181818 0.54945055 0.34482759 0.31914894 0.41706161 0.38674033 0.44651163 0.50828729 0.52830189 0.48314607]
Confusion Matrix: 
[[53  2 11  1  1  4  4  4 23  5]
 [ 4 50  4  6  4  2  4  2  5 13]
 [13  3 40 10 14  3  7  4  3  1]
 [ 0  2 15 30  4 15 16  6  3  2]
 [ 7  1 16  6 44  6 13 10  3  3]
 [ 6  5  9 21  9 35  6  9  5  2]
 [ 1  1 22 10 13  7 48  3  0  2]
 [ 5  3  9  6 12  1  2 46  3  3]
 [15  9  1  3  1  1  2  2 56  6]
 [ 8 12  7  2  0  0  6  5 15 43]] 

Fold: 4
(4000, 3072) (4000,)
training...
predicting...
Fold: 4
Accuracy: 0.425
F1 Score: [0.48730964 0.52173913 0.38297872 0.30331754 0.35514019 0.37288136 0.42654028 0.44047619 0.47272727 0.5136612 ]
Confusion Matrix: 
[[48  2  8  2  1  2  3  5 19  4]
 [ 6 48  3  6  4  0  5  3  8 10]
 [10  1 45  8 23  4 10  5  6  1]
 [ 3  4 13 32  8 17 15  0  3  6]
 [ 4  5 14  3 38  2 19 12  2  1]
 [ 2  4  9 29  8 33  5  7  5  3]
 [ 2  2 16 16 12  4 45  2  0  3]
 [ 6  2  7  7 12  4  4 37  3  6]
 [19 10  5  3  5  6  0  2 52 12]
 [ 3 13  2  4  3  0  3  7  8 47]] 

Fold: 5
(4000, 3072) (4000,)
training...
predicting...
Fold: 5
Accuracy: 0.409
F1 Score: [0.42990654 0.51231527 0.31050228 0.2122905  0.39810427 0.30952381 0.44444444 0.42708333 0.53023256 0.47761194]
Confusion Matrix: 
[[46  2  9  2  4  2  2  5 24  4]
 [ 5 52  5  5  4  4  2  3 12 19]
 [10  4 34  5 17  3 17 10  4  3]
 [ 1  3 13 19  9 15 21  2  5  8]
 [ 9  2 15  3 42  5 10  2  3  2]
 [ 3  3 15 19 14 26 13  4  0  2]
 [ 2  1  5 11 11  2 44  1  0  2]
 [10  5 13 10 13  4  9 41  5 13]
 [16  6  3  2  3  4  1  0 57  8]
 [12 14  0  7  1  4  0  1  5 48]] 


Polynomial - One vs Rest
Fold: 1
(4000, 3072) (4000,)
training...
predicting...
Fold: 1
Accuracy: 0.431
F1 Score: [0.47963801 0.45238095 0.33191489 0.27624309 0.37068966 0.4742268 0.46534653 0.44311377 0.54545455 0.48514851]
Confusion Matrix: 
[[53  7 10  1  2  4  0  5 18  8]
 [ 7 38  7  2  7  4  5  2  7 14]
 [ 9  2 39  3 14  2  5  6  4  3]
 [ 4  4 18 25 17 17 22  3  2  3]
 [ 8  1 25  1 43  6  5  8  4  1]
 [ 2  0 16 11  9 46  6  2  4  2]
 [ 1  4 15 13 17  3 47  1  2  0]
 [ 7  0 10  3 15  4  5 37  3  9]
 [14  6  3  1  3  6  1  0 54  5]
 [ 8 13  5  6  3  4  3 10  7 49]] 

Fold: 2
(4000, 3072) (4000,)
training...
predicting...
Fold: 2
Accuracy: 0.42
F1 Score: [0.46486486 0.50505051 0.31279621 0.34146341 0.35348837 0.30167598 0.3923445  0.5        0.5645933  0.46766169]
Confusion Matrix: 
[[43  3  9  2  3  1  7  4 13  5]
 [ 6 50  3  4  5  6  2  3  9 21]
 [12  3 33  7 21  5  9  1  2  2]
 [ 1  3 11 35  8 17 11  3  5  1]
 [ 1  1 17  5 38  8 14  6  4  2]
 [ 2  2 12 21  7 27 10  5  3  2]
 [ 3  2 16 17 15  9 41  2  2  2]
 [ 9  7  6 10 17  6  1 47  0  3]
 [11  4  6  3  2  5  0  3 59  4]
 [ 7 14  3  6  3  4  5  8 15 47]] 

Fold: 3
(4000, 3072) (4000,)
training...
predicting...
Fold: 3
Accuracy: 0.445
F1 Score: [0.48181818 0.54945055 0.34482759 0.31914894 0.41706161 0.38674033 0.44651163 0.50828729 0.52830189 0.48314607]
Confusion Matrix: 
[[53  2 11  1  1  4  4  4 23  5]
 [ 4 50  4  6  4  2  4  2  5 13]
 [13  3 40 10 14  3  7  4  3  1]
 [ 0  2 15 30  4 15 16  6  3  2]
 [ 7  1 16  6 44  6 13 10  3  3]
 [ 6  5  9 21  9 35  6  9  5  2]
 [ 1  1 22 10 13  7 48  3  0  2]
 [ 5  3  9  6 12  1  2 46  3  3]
 [15  9  1  3  1  1  2  2 56  6]
 [ 8 12  7  2  0  0  6  5 15 43]] 

Fold: 4
(4000, 3072) (4000,)
training...
predicting...
Fold: 4
Accuracy: 0.425
F1 Score: [0.48730964 0.52173913 0.38297872 0.30331754 0.35514019 0.37288136 0.42654028 0.44047619 0.47272727 0.5136612 ]
Confusion Matrix: 
[[48  2  8  2  1  2  3  5 19  4]
 [ 6 48  3  6  4  0  5  3  8 10]
 [10  1 45  8 23  4 10  5  6  1]
 [ 3  4 13 32  8 17 15  0  3  6]
 [ 4  5 14  3 38  2 19 12  2  1]
 [ 2  4  9 29  8 33  5  7  5  3]
 [ 2  2 16 16 12  4 45  2  0  3]
 [ 6  2  7  7 12  4  4 37  3  6]
 [19 10  5  3  5  6  0  2 52 12]
 [ 3 13  2  4  3  0  3  7  8 47]] 

Fold: 5
(4000, 3072) (4000,)
training...
predicting...
Fold: 5
Accuracy: 0.409
F1 Score: [0.42990654 0.51231527 0.31050228 0.2122905  0.39810427 0.30952381 0.44444444 0.42708333 0.53023256 0.47761194]
Confusion Matrix: 
[[46  2  9  2  4  2  2  5 24  4]
 [ 5 52  5  5  4  4  2  3 12 19]
 [10  4 34  5 17  3 17 10  4  3]
 [ 1  3 13 19  9 15 21  2  5  8]
 [ 9  2 15  3 42  5 10  2  3  2]
 [ 3  3 15 19 14 26 13  4  0  2]
 [ 2  1  5 11 11  2 44  1  0  2]
 [10  5 13 10 13  4  9 41  5 13]
 [16  6  3  2  3  4  1  0 57  8]
 [12 14  0  7  1  4  0  1  5 48]] 


####################
#	Analysis
####################

From the 30 models, it would appear from the F1 scores and confusion matrices that the quadratic kernel seems to perform better, but RBF performs similarly. 
Clearly the model is able to find separating hyperplanes for all classes with some regularization in higher dimension representations.

Poly Kernel
(10000, 3072) (10000,)
(5000, 3072) (5000,)
training...
predicting...
Accuracy: 0.427
F1 Score: [0.47524752 0.55367232 0.3627907  0.29189189 0.30985915 0.27777778 0.45454545 0.46073298 0.56502242 0.50515464]
Confusion Matrix: 
[[48  1  6  1  5  3  7  2 20  7]
 [ 5 49  5  4  2  2  3  5 11 14]
 [11  1 39  6 12  7  9  7  8  0]
 [ 4  4  7 27 11 16 16  8  2  5]
 [ 7  3 20  7 33  6 13  7  3  1]
 [ 2  2 12 21 13 25 10 10  2  3]
 [ 1  2 15  4 18  6 50  1  0  3]
 [ 6  0  7  7 16  7  7 44  1  5]
 [13  2  1  3  3  6  1  1 63  7]
 [ 5 13  3  5  0  2  4  6 13 49]] 

RBF Kernel
training...
predicting...
Accuracy: 0.426
F1 Score: [0.44       0.54945055 0.32323232 0.28571429 0.26732673 0.35483871 0.45535714 0.47311828 0.59090909 0.49765258]
Confusion Matrix: 
[[44  1  4  3  5  4  2  3 24 10]
 [ 5 50  3  4  3  2  5  3  9 16]
 [13  2 32  9 17  6 11  4  4  2]
 [ 8  5  7 27  8 16 17  7  1  4]
 [ 7  4 22  4 27  7 15  7  3  4]
 [ 3  4 11 22  9 33 10  4  2  2]
 [ 2  2  9  6 18  3 51  4  1  4]
 [ 4  1  6  9 12  7  8 44  1  8]
 [ 9  2  2  2  3  5  0  2 65 10]
 [ 5 11  2  3  0  3  5  8 10 53]] 

Linear Kernel
training...
predicting...
Accuracy: 0.294
F1 Score: [0.35135135 0.38565022 0.2629108  0.24324324 0.24509804 0.13186813 0.33333333 0.28089888 0.37962963 0.30120482]
Confusion Matrix: 
[[39  2 12  3  3  3  3  8 20  7]
 [ 4 43  5  5  4  8  4  4  8 15]
 [14  8 28  9 16  5  6  5  7  2]
 [ 4 10 10 27  9 14 10  7  6  3]
 [ 9  6 22 11 25  8  6  9  2  2]
 [10  4 11 27 15 12  9  6  4  2]
 [ 3  5 10 19 16 11 29  2  4  1]
 [12  4 10 11 13 11  4 25  7  3]
 [21 10  4  3  2  7  2  4 41  6]
 [ 6 31  1  7  1  3  1  8 17 25]] 